20 20
1 2 2586071458588634485
1 3 192536436493000026
2 4 46234215040067842
2 5 1257514631623177500
3 6 878923682883954890
6 7 202329775001679897
6 8 3360717455960560390
1 9 2336758729437426294
2 10 898166442629388448
9 11 2504964774370624656
6 12 1824289670632594800
8 13 495854846723441172
6 14 2188740581180574200
4 15 1038066135779698986
14 16 600691101120772335
3 17 1674577183275344028
14 18 2748715803772378688
7 19 120980664872026960
8 20 2094663871034204056
2 8 1894443724705242890
2 8 2258810603066602032
2 18 2541729571614472594
2 11 1452407532357650850
2 14 321757959439171911
2 19 827459457194987292
2 13 3050910723603460256
2 1 1861279856631757584
2 11 457926791163607568
2 2 597536533787315870
1 14 14 161091571779490975
1 10 1 332885075804370990
1 14 5 1458146397268265760
1 14 13 288447443272130500
1 2 4 2385173585211876678
1 4 19 191854810761510358
1 10 16 1401662840968903014
1 19 4 616028690810477952
1 19 4 67441530353494128
1 18 9 816551725738854455
