96 98
15 3
3 1
1 15
43 32
32 7
7 43
93 58
58 31
31 93
1 91
1 54
1 44
1 8
1 6
1 2
2 40
2 24
2 9
2 4
3 29
3 18
3 17
3 5
4 72
4 42
4 19
4 12
5 92
5 73
6 79
6 14
6 7
7 89
7 75
7 48
8 86
8 47
8 34
8 11
9 16
9 10
10 70
10 60
10 13
12 49
12 25
12 23
13 83
13 50
13 35
15 81
16 85
16 37
16 28
16 22
17 30
18 61
19 90
19 71
19 62
19 41
19 27
19 21
19 20
20 31
21 33
22 87
22 63
24 26
25 55
26 39
27 38
28 64
29 57
30 56
30 45
31 52
32 53
32 46
32 36
35 66
36 51
46 68
48 69
48 65
50 76
51 95
53 82
54 96
54 78
55 94
56 59
60 88
61 84
62 74
65 67
72 77
78 80
96
11 95
44 48
47 80
22 71
17 19
69 73
20 44
71 78
65 81
25 43
1 37
22 41
6 18
23 90
38 81
63 91
4 14
7 19
61 77
40 77
17 63
11 18
4 56
84 88
2 89
76 89
2 38
2 23
59 71
46 55
64 76
17 68
23 57
21 54
67 93
34 66
51 77
12 80
10 67
2 36
15 68
59 74
28 80
54 96
13 86
12 22
29 88
16 89
19 46
5 86
10 70
87 87
2 88
38 65
68 73
7 35
56 61
39 80
80 88
45 93
60 72
20 66
26 68
35 87
7 39
44 49
2 44
7 35
3 12
4 38
6 85
12 12
60 66
50 57
11 14
69 70
39 86
25 89
32 92
71 79
2 26
46 87
27 61
48 93
19 72
2 28
14 24
39 89
73 89
17 51
70 86
24 27
17 92
27 52
34 76
45 65
