93 95
53 21
21 10
10 7
7 3
3 53
45 28
28 4
4 45
79 50
50 8
8 79
1 14
1 8
1 5
1 4
1 2
2 6
2 3
3 74
3 43
3 32
3 11
3 9
4 76
4 60
5 35
5 18
5 17
6 51
6 40
6 25
6 20
6 16
7 47
7 29
7 26
7 23
9 61
9 58
9 12
12 38
12 15
12 13
14 70
14 31
15 65
16 69
16 22
16 19
18 52
19 59
19 24
20 41
21 37
21 30
21 27
22 83
23 55
24 46
27 34
28 42
29 33
30 36
31 93
31 73
33 49
33 48
33 44
34 39
35 78
37 90
38 82
38 56
40 81
45 67
46 91
46 64
49 75
49 54
50 63
51 57
54 87
55 62
58 77
61 89
62 80
62 68
63 84
64 86
64 66
67 72
68 71
71 92
71 88
81 85
97
6 87
24 90
42 91
54 63
36 72
42 45
52 66
8 14
17 76
22 73
60 86
8 41
13 35
39 51
5 51
11 92
35 56
54 86
55 76
12 52
53 89
2 47
15 24
6 52
29 73
76 89
64 82
34 74
23 70
26 30
28 40
22 81
14 74
41 54
50 66
13 61
10 12
15 31
26 64
36 55
17 44
12 48
5 79
25 85
21 56
50 83
59 71
39 68
16 82
55 93
10 63
22 70
21 36
7 44
5 41
5 48
50 57
57 61
36 48
85 91
40 67
32 78
15 52
4 68
65 65
35 58
74 79
9 92
16 20
24 43
45 56
19 69
2 32
37 77
66 77
32 48
12 16
27 77
52 65
28 37
23 85
2 69
70 77
87 91
40 92
17 52
83 85
70 84
19 51
3 25
24 56
33 48
32 69
40 57
81 84
10 76
49 75
